1.343642441124012210096339003939647227525711059570312500000000e-01
8.474337369372326733696354494895786046981811523437500000000000e-01
7.637746189766140281207640327920671552419662475585937500000000e-01
2.550690257394216953201748765422962605953216552734375000000000e-01
4.954350870919409510761965975689236074686050415039062500000000e-01
4.494910647887381260900951929215807467699050903320312500000000e-01
6.515929727227629530972308202763088047504425048828125000000000e-01
7.887233511355131732045720127644017338752746582031250000000000e-01
9.385958677423489326940853061387315392494201660156250000000000e-02
2.834747652200630962937566437176428735256195068359375000000000e-02
8.357651039198696896193041538936085999011993408203125000000000e-01
4.327670679050533708576153912872541695833206176757812500000000e-01
7.622800824579419876059205307683441787958145141601562500000000e-01
2.106053351110692695158377318875864148139953613281250000000000e-03
4.453871940548014274341426244063768535852432250976562500000000e-01
7.215400323407825666777171136345714330673217773437500000000000e-01
2.287622212704526480919753339549060910940170288085937500000000e-01
9.452706955539222910545049671782180666923522949218750000000000e-01
9.014274576114835735296537677641026675701141357421875000000000e-01
3.058998303355353609589428742765448987483978271484375000000000e-02
2.544586099346080043659412694978527724742889404296875000000000e-02
5.414124727934965797260247200028970837593078613281250000000000e-01
9.391491627785105711367918956966605037450790405273437500000000e-01
3.812042376882124328218992559413891285657882690429687500000000e-01
2.165993971306133802912086139258462935686111450195312500000000e-01
4.221165755827173127201490387960802763700485229492187500000000e-01
2.904078757486794337694391288096085190773010253906250000000000e-02
2.216916662730350484622476869844831526279449462890625000000000e-01
4.378875936505720600777635809208732098340988159179687500000000e-01
4.958122413818506490912341178045608103275299072265625000000000e-01
2.330844502575726284732127169263549149036407470703125000000000e-01
2.308665415409842935900996963027864694595336914062500000000000e-01
2.187810373376886108331973446183837950229644775390625000000000e-01
4.596034657377335852501687440962996333837509155273437500000000e-01
2.897816145904855700266011808707844465970993041992187500000000e-01
2.148970526590887608620050741592422127723693847656250000000000e-02
8.375779756625728600383240518567617982625961303710937500000000e-01
5.564543226524334418314765571267344057559967041015625000000000e-01
6.422943629324455727669374027755111455917358398437500000000000e-01
1.859062658947177038015752259525470435619354248046875000000000e-01
9.925434121760651207111436633567791432142257690429687500000000e-01
8.599465287952898773227161655086092650890350341796875000000000e-01
1.208899598058064128736077691428363323211669921875000000000000e-01
3.326951853601290975959159368358086794614791870117187500000000e-01
7.214844075832683722993010633217636495828628540039062500000000e-01
7.111917696952796408282893025898374617099761962890625000000000e-01
9.364405867994596288639286285615526139736175537109375000000000e-01
4.221069999614152079558948571502696722745895385742187500000000e-01
8.300356932743270244046129846537951380014419555664062500000000e-01
6.703055664140710190324057293764781206846237182617187500000000e-01
3.033685109329176121661930665140971541404724121093750000000000e-01
5.875806061435594473962851225223857909440994262695312500000000e-01
8.824790008318577072543575923191383481025695800781250000000000e-01
8.461974184283127531358559281216003000736236572265625000000000e-01
5.052838205796004178438352028024382889270782470703125000000000e-01
5.890022579825516801932394628238398581743240356445312500000000e-01
3.452583015134158550552001543110236525535583496093750000000000e-02
2.427399735430676441794162201404105871915817260742187500000000e-01
7.974042475543028363205166897387243807315826416015625000000000e-01
4.143139993007742827302308796788565814495086669921875000000000e-01
1.730074015790509234236083102587144821882247924804687500000000e-01
5.487987613881529780357482195540796965360641479492187500000000e-01
7.030407620656314859886037993419449776411056518554687500000000e-01
6.744858305023272437850323512975592166185379028320312500000000e-01
3.747030205016402826245780488534364849328994750976562500000000e-01
4.389616300445631225102260941639542579650878906250000000000000e-01
5.084264882499818227756804844830185174942016601562500000000000e-01
7.784426150001457767046986191417090594768524169921875000000000e-01
5.209384176131451882341139025811571627855300903320312500000000e-01
3.932550949642260595950915558205451816320419311523437500000000e-01
4.896935204622582249456286263011861592531204223632812500000000e-01
2.957496396690706408350024503306485712528228759765625000000000e-02
4.348729035652743046824753037071786820888519287109375000000000e-02
7.033820886038359976311085119959898293018341064453125000000000e-01
9.831877173096739142010846990160644054412841796875000000000000e-01
5.931837303800575611489875882398337125778198242187500000000000e-01
3.935996863779139820493924162292387336492538452148437500000000e-01
1.703491968556812841129044500121381133794784545898437500000000e-01
5.022385584334830843644681408477481454610824584960937500000000e-01
9.820766375385342472625893606164027005434036254882812500000000e-01
7.705231398308005630326533719198778271675109863281250000000000e-01
5.396174484497787693371151362953241914510726928710937500000000e-01
8.602897789205495859832240057585295289754867553710937500000000e-01
2.321761280630145751757709149387665092945098876953125000000000e-01
5.137716631876370065867831726791337132453918457031250000000000e-01
9.524673882682694880941198789514601230621337890625000000000000e-01
5.777948078012030697081513608281966298818588256835937500000000e-01
4.591317319106683614293729078781325370073318481445312500000000e-01
2.692794774414212222168885091377887874841690063476562500000000e-01
5.479963094662488876096517742553260177373886108398437500000000e-01
9.571162814602268698038756156165618449449539184570312500000000e-01
5.709129450392924631785263045458123087882995605468750000000000e-03
7.836552326153898295757471714750863611698150634765625000000000e-01
8.204859119254819255218080797931179404258728027343750000000000e-01
8.861795808260082285556791248382069170475006103515625000000000e-01
7.405034118331963455261757189873605966567993164062500000000000e-01
8.091399008724795560709708297508768737316131591796875000000000e-01
5.186782835230020483052726376627106219530105590820312500000000e-01
5.613578647783790120939784173970110714435577392578125000000000e-01
4.260906796881501756857346663309726864099502563476562500000000e-01
5.612329752074041167020368447992950677871704101562500000000000e-02
8.700101551766398211285036268236581236124038696289062500000000e-01
5.699993338763802430690930123091675341129302978515625000000000e-01
1.998394201771430678249430457071866840124130249023437500000000e-01
5.047204674288633396983527745760511606931686401367187500000000e-01
4.849251122277341563560071335814427584409713745117187500000000e-01
3.567899645449557066712031883071176707744598388671875000000000e-01
3.460779190181548781168885398074053227901458740234375000000000e-01
5.384787957378442957434572235797531902790069580078125000000000e-01
6.234894527975051170542997169832233339548110961914062500000000e-01
6.124524647827256362830894431681372225284576416015625000000000e-01
4.581468000997244160998889128677546977996826171875000000000000e-01
2.797498408384235801804607035592198371887207031250000000000000e-02
2.296050312770239187898368982132524251937866210937500000000000e-01
1.772112589385826941779100707208272069692611694335937500000000e-01
5.844608707784413326180583680979907512664794921875000000000000e-01
8.610088608533248422105543795623816549777984619140625000000000e-01
7.984389405774260373149786573776509612798690795898437500000000e-01
7.970975626354962484398924971173983067274093627929687500000000e-01
8.164373705606908782073105612653307616710662841796875000000000e-01
2.552940400873059401121167866222094744443893432617187500000000e-01
8.417448322740960220400552316277753561735153198242187500000000e-01
6.731135254387070609993770631263032555580139160156250000000000e-01
8.323413780389787852698191272793337702751159667968750000000000e-02
1.669063011555960152065836155088618397712707519531250000000000e-02
1.455997492481231336824976096977479755878448486328125000000000e-02
7.555867752521981950408758166304323822259902954101562500000000e-01
2.495592256534228114972506773483473807573318481445312500000000e-01
1.094886272943593752415836206637322902679443359375000000000000e-01
6.248020841524762891694422251021023839712142944335937500000000e-01
3.444228640964949184066767884360160678625106811523437500000000e-01
6.951537853084732709874060674337670207023620605468750000000000e-02
1.596255246938474980922251234005670994520187377929687500000000e-01
5.273803990480128156548289553029462695121765136718750000000000e-01
1.681449462224282598299396340735256671905517578125000000000000e-01
2.729144368186801061781920907378662377595901489257812500000000e-01
7.115899271852729190968034345132764428853988647460937500000000e-01
4.547016300456638848714874256984330713748931884765625000000000e-01
3.220017663873259161633200164942536503076553344726562500000000e-01
4.737710141702788924078504351200535893440246582031250000000000e-01
2.363457763198706373941604397259652614593505859375000000000000e-02
3.865571047614698718675185773463454097509384155273437500000000e-01
4.209186792090758855167109686590265482664108276367187500000000e-01
1.880393047513129189951541775371879339218139648437500000000000e-01
1.087616924454133382482723391149193048477172851562500000000000e-01
8.998185003560201788985750681604258716106414794921875000000000e-01
5.101159809286763824331956129753962159156799316406250000000000e-01
2.090909925517701051234098486020229756832122802734375000000000e-01
6.056486400340165277000892274372745305299758911132812500000000e-01
8.170396683778868851533161432598717510700225830078125000000000e-01
2.081810850928733636067136103520169854164123535156250000000000e-02
1.786452082779532712919490222702734172344207763671875000000000e-02
1.464617403993460076350174858816899359226226806640625000000000e-01
7.188354727617898287661546419258229434490203857421875000000000e-01
1.602275926297046515500710484047885984182357788085937500000000e-01
7.046056278520025362155365655780769884586334228515625000000000e-01
6.781757952769474906418167847732547670602798461914062500000000e-01
5.447021635789044413655801690765656530857086181640625000000000e-01
2.205997480226765672384203753608744591474533081054687500000000e-01
9.755945178178834220616977290774229913949966430664062500000000e-01
7.978108577061510109373898558260407298803329467773437500000000e-01
5.165995169493929894954931114625651389360427856445312500000000e-01
2.231957802466707496691356027440633624792098999023437500000000e-01
6.485064180992563542815787513973191380500793457031250000000000e-01
3.948980098582995923450766895257402211427688598632812500000000e-01
5.758459627880566644719806390639860183000564575195312500000000e-01
3.212458093451252549854757489811163395643234252929687500000000e-01
6.309478612713469436457103256543632596731185913085937500000000e-01
5.878511620649129465476789846434257924556732177734375000000000e-02
2.986059496230133447625121334567666053771972656250000000000000e-01
9.679033101508891512310128746321424841880798339843750000000000e-01
8.755342442351592424643058620858937501907348632812500000000000e-01
3.063866203332459292596468003466725349426269531250000000000000e-01
8.585144063565592897901979085872881114482879638671875000000000e-01
3.103636273531340528109012666391208767890930175781250000000000e-01
9.392884321352824583684082426771055907011032104492187500000000e-01
7.438421186671211327023911508149467408657073974609375000000000e-01
4.161722627650255024178704843507148325443267822265625000000000e-01
2.523581022798353501457313541322946548461914062500000000000000e-01
8.480262463668841732555847556795924901962280273437500000000000e-03
8.787178982088466039357399495202116668224334716796875000000000e-01
3.791653059858057783770846072002314031124114990234375000000000e-02
8.194141106127972307149320840835571289062500000000000000000000e-01
9.622011251808180176681162265595048666000366210937500000000000e-01
5.702805702451801961316846245608758181333541870117187500000000e-01
1.715170951777186258979668309621047228574752807617187500000000e-01
8.677810644349933655306017499242443591356277465820312500000000e-01
9.737752361596916372832311026286333799362182617187500000000000e-01
7.040231423300713498036884629982523620128631591796875000000000e-01
5.088737460778904875269290641881525516510009765625000000000000e-01
3.779688343436080621984274330316111445426940917968750000000000e-01
3.469308845626216664115304411097895354032516479492187500000000e-01
2.057617572947046946651994403509888797998428344726562500000000e-01
6.741530142468641351172209397191181778907775878906250000000000e-01
4.329501211003162763901741527661215513944625854492187500000000e-01
1.941186449851896034246578892634715884923934936523437500000000e-01
1.044242228415153128651127190096303820610046386718750000000000e-01
6.659575282786825978220690558373462408781051635742187500000000e-01
2.960726730831515496333850023802369832992553710937500000000000e-01
4.997999222368015859174761317262891680002212524414062500000000e-01
